216	0	31	1
ROADMAP 154
ROADMAP 155
-29	24	0	-1
19	24	0	33
-82	24	36	24
ROADMAP 156
199	0	1	24
-145	0	34	-1
199	0	24	35
ROADMAP 157
165	39	0	14
-149	39	24	7
ROADMAP 158
208	0	3	67
-146	0	19	16
ROADMAP 159
175	23	0	7
-46	23	1	-1
175	23	7	21
-174	23	0	-1
-201	23	6	-1
181	23	0	16
ROADMAP 160
-37	0	5	-1
2	0	0	10
182	0	12	40
-11	0	66	40
ROADMAP 161
199	0	1	24
-145	0	34	-1
199	0	24	35
156	0	0	1
ROADMAP 162
200	0	8	23
155	0	0	24
-29	0	0	-1
19	0	0	30
ROADMAP 163
ROADMAP 164
191	0	2	36
208	1	0	35
ROADMAP 165
-149	14	24	-1
163	14	0	31
ROADMAP 166
208	0	38	67
-146	0	19	-1
49	0	0	21
ROADMAP 167
-119	0	21	-1
83	0	0	34
109	0	0	14
ROADMAP 168
5	2	10	31
-139	2	22	20
110	33	10	24
ROADMAP 169
64	0	38	50
148	0	0	4
-93	0	4	-1
148	0	4	16
-213	2	19	-1
-140	2	22	7
ROADMAP 170
136	0	3	63
ROADMAP 171
73	0	14	50
3	0	0	10
73	0	50	60
3	0	10	18
-173	0	26	25
-143	0	5	0
ROADMAP 172
ROADMAP 173
-3	27	17	9
-73	27	59	49
-3	27	9	0
ROADMAP 174
-1	0	21	-1
-181	0	25	-1
201	0	0	7
ROADMAP 175
-46	7	1	-1
-174	21	0	-1
-201	21	6	-1
181	21	0	26
1	21	0	8
ROADMAP 176
-37	0	11	-1
2	0	0	10
182	0	12	40
-11	0	66	46
ROADMAP 177
5	0	13	31
-139	0	22	-1
110	0	0	29
ROADMAP 178
109	0	29	70
6	2	0	23
-39	2	50	46
ROADMAP 179
203	12	0	30
67	27	0	1
76	27	0	5
111	27	0	7
ROADMAP 180
190	0	29	58
ROADMAP 181
1	26	0	44
ROADMAP 182
-11	40	66	36
ROADMAP 183
64	21	0	49
ROADMAP 184
-128	3	43	-1
ROADMAP 185
-145	14	45	34
199	14	0	24
-145	14	34	13
ROADMAP 186
19	0	15	33
-82	0	36	-1
-65	0	30	15
ROADMAP 187
74	0	0	41
172	0	0	29
ROADMAP 188
137	2	4	9
-92	2	52	-1
73	2	0	10
ROADMAP 189
-85	25	17	1
203	53	8	9
ROADMAP 190
ROADMAP 191
164	36	0	1
208	36	0	24
ROADMAP 192
ROADMAP 193
-163	0	61	-1
149	0	0	8
ROADMAP 194
-118	0	28	-1
150	0	5	8
137	0	0	9
-92	0	52	23
ROADMAP 195
94	0	23	32
-110	0	53	-1
139	0	0	7
ROADMAP 196
-38	0	0	-1
-209	0	5	-1
140	0	0	23
213	0	0	20
-169	0	1	-1
-148	0	15	3
93	0	0	5
-148	0	3	2
ROADMAP 197
203	0	19	30
179	0	12	27
67	0	0	1
76	0	0	5
111	0	0	10
203	0	61	70
111	0	10	29
ROADMAP 198
190	0	2	58
180	0	0	14
ROADMAP 199
-145	24	34	-1
ROADMAP 200
155	23	0	24
-29	23	0	-1
19	23	0	22
ROADMAP 201
-1	0	36	-1
-181	0	25	-1
ROADMAP 202
-73	0	41	-1
92	0	0	28
ROADMAP 203
ROADMAP 204
-200	15	6	-1
29	15	1	14
-101	15	1	-1
75	15	0	33
ROADMAP 205
56	0	21	35
-184	0	15	2
128	0	0	43
ROADMAP 206
37	0	25	43
55	0	0	24
ROADMAP 207
163	0	24	70
-105	0	10	-1
-138	0	8	-1
-4	0	16	12
ROADMAP 208
-146	67	19	16
ROADMAP 209
38	6	0	57
ROADMAP 210
11	0	46	67
-182	0	39	11
-2	0	9	-1
37	0	0	11
ROADMAP 211
157	0	25	39
165	0	0	14
-149	0	24	-1
163	0	0	17
ROADMAP 212
208	0	0	67
-146	0	19	16
ROADMAP 213
-38	0	9	-1
-209	0	5	-1
140	0	0	23
-169	20	1	-1
-148	20	15	6
ROADMAP 214
13	0	9	10
-39	0	6	-1
13	0	10	18
34	0	0	14
-84	0	52	22
94	0	0	10
ROADMAP 215
5	9	0	31
-139	9	22	-1
110	9	0	7
ROADMAP 216
109	0	14	70
178	0	0	2
6	0	0	12
ROADMAP 1
-91	54	43	27
ROADMAP 2
-55	0	3	-1
-37	0	42	-1
182	10	12	25
ROADMAP 3
73	0	8	50
73	10	50	60
ROADMAP 4
172	0	17	70
ROADMAP 5
-139	31	22	-1
110	31	0	16
ROADMAP 6
-39	23	50	15
ROADMAP 7
94	0	7	17
-84	0	22	-1
94	0	17	32
-110	0	53	31
ROADMAP 8
-38	20	33	31
ROADMAP 9
-75	0	27	-1
101	0	0	2
-29	0	13	0
200	0	0	23
155	0	0	4
ROADMAP 10
154	29	0	41
ROADMAP 11
-182	67	39	36
ROADMAP 12
128	39	21	44
-184	39	2	-1
-136	39	69	64
ROADMAP 13
-39	10	6	-1
-84	49	35	22
94	49	0	1
ROADMAP 14
-64	25	13	-1
-183	25	20	-1
215	26	0	9
ROADMAP 15
-11	0	41	-1
-127	0	55	27
ROADMAP 16
-137	0	6	-1
-150	0	7	4
118	0	0	55
-150	0	4	-1
ROADMAP 17
-13	0	9	-1
39	0	7	51
-6	0	22	6
ROADMAP 18
40	28	52	54
ROADMAP 19
-82	33	36	-1
ROADMAP 20
-100	40	25	-1
ROADMAP 21
200	0	4	23
155	0	0	24
-29	0	0	-1
19	0	0	26
ROADMAP 22
-145	0	31	-1
199	0	24	35
156	0	0	1
102	0	0	13
10	0	0	13
ROADMAP 23
-145	0	42	34
199	0	0	24
-145	0	34	-1
199	0	24	27
ROADMAP 24
200	0	21	23
155	0	0	24
-29	0	0	-1
19	0	0	33
-82	0	36	26
ROADMAP 25
-109	0	1	-1
-83	0	33	-1
119	0	0	34
ROADMAP 26
28	0	20	70
ROADMAP 27
-109	0	34	-1
-83	0	33	-1
119	0	0	1
ROADMAP 28
ROADMAP 29
-19	0	8	-1
-155	1	23	-1
-200	1	22	-1
ROADMAP 30
ROADMAP 31
-119	0	33	-1
83	0	0	34
109	0	0	2
ROADMAP 32
-139	0	7	-1
110	0	0	54
-94	0	31	23
ROADMAP 33
-139	0	16	-1
110	0	0	53
ROADMAP 34
-39	0	30	6
13	0	0	10
-39	0	6	-1
13	0	10	18
-84	14	52	45
ROADMAP 35
208	0	9	67
-146	0	19	16
ROADMAP 36
ROADMAP 37
55	43	0	27
ROADMAP 38
209	57	6	13
-47	61	36	34
ROADMAP 39
-13	7	9	-1
-6	51	22	13
ROADMAP 40
ROADMAP 41
128	0	15	44
-184	0	2	-1
-136	0	69	60
ROADMAP 42
127	0	38	56
11	0	0	52
ROADMAP 43
73	0	22	42
ROADMAP 44
49	0	11	30
129	0	25	26
ROADMAP 45
149	0	7	25
-165	0	13	-1
-157	0	38	10
ROADMAP 46
ROADMAP 47
-56	11	10	-1
-38	37	60	56
-209	37	12	5
-38	37	56	45
ROADMAP 48
64	0	0	50
148	0	0	4
-93	0	4	-1
148	0	4	15
ROADMAP 49
-146	0	17	-1
129	30	25	26
74	30	0	21
ROADMAP 50
157	1	0	39
165	1	0	14
-149	1	24	8
ROADMAP 51
118	0	7	55
-150	0	4	-1
-144	12	4	-1
ROADMAP 52
-11	0	44	-1
-127	0	55	30
ROADMAP 53
156	0	0	1
102	0	0	13
10	0	0	29
154	0	0	27
ROADMAP 54
-75	0	10	-1
101	0	0	2
-29	0	13	0
200	0	0	23
155	0	0	21
ROADMAP 55
136	60	25	35
ROADMAP 56
-47	11	10	-1
-184	35	15	2
128	35	0	11
ROADMAP 57
131	59	0	4
20	59	0	7
ROADMAP 58
-154	0	58	-1
-10	0	28	17
ROADMAP 59
-84	0	33	22
94	0	0	17
-84	0	22	-1
94	0	17	32
-110	0	53	49
ROADMAP 60
-38	0	8	-1
-209	0	5	-1
140	0	0	23
213	0	0	20
-169	0	1	-1
-148	0	15	5
ROADMAP 61
6	0	19	23
-39	0	50	6
13	0	0	7
ROADMAP 62
5	0	19	31
-139	0	22	-1
110	0	0	35
ROADMAP 63
-128	0	2	-1
184	0	3	16
-56	0	34	10
47	0	0	11
-56	0	10	-1
47	0	11	19
ROADMAP 64
ROADMAP 65
154	0	50	70
82	31	0	9
ROADMAP 66
-190	0	30	25
ROADMAP 67
76	1	0	5
111	1	0	10
203	1	61	70
111	1	10	47
30	1	0	8
ROADMAP 68
-19	0	8	-1
29	0	0	1
-155	0	23	-1
-200	0	22	-1
29	0	1	14
ROADMAP 69
128	0	15	44
-184	0	2	-1
-136	0	69	31
ROADMAP 70
11	0	10	67
-182	0	39	26
ROADMAP 71
-213	0	12	-1
-140	0	22	-1
209	0	0	6
38	0	0	28
ROADMAP 72
136	0	20	70
184	0	0	3
-128	0	43	26
ROADMAP 73
3	50	0	10
ROADMAP 74
172	41	0	29
ROADMAP 75
-200	0	0	-1
29	0	1	14
-101	0	1	-1
-153	48	23	17
ROADMAP 76
111	5	0	10
203	5	61	70
111	5	10	47
30	5	0	9
ROADMAP 77
73	0	51	60
3	0	10	18
-173	0	26	25
-143	0	5	-1
50	0	0	1
157	0	0	39
165	0	0	6
ROADMAP 78
74	0	10	41
172	0	0	39
ROADMAP 79
-91	0	12	2
127	0	0	14
-91	0	2	-1
127	0	14	56
11	0	0	1
ROADMAP 80
-136	0	26	-1
-147	0	5	-1
-55	0	28	-1
-37	0	42	34
ROADMAP 81
-190	0	14	-1
153	0	0	24
-75	0	47	16
ROADMAP 82
-19	37	32	-1
ROADMAP 83
109	34	0	36
ROADMAP 84
-94	23	16	-1
ROADMAP 85
-189	18	24	-1
ROADMAP 86
ROADMAP 87
-11	0	58	-1
-127	0	55	44
ROADMAP 88
159	0	2	23
175	0	0	7
-46	0	1	-1
175	0	7	21
-174	0	0	-1
-201	0	6	4
ROADMAP 89
-127	0	21	13
91	0	0	3
-127	0	13	-1
91	0	3	44
-1	0	53	49
ROADMAP 90
-137	31	0	-1
-150	31	7	4
118	31	0	35
ROADMAP 91
-127	3	13	-1
-1	44	53	41
ROADMAP 92
-73	0	11	-1
-137	53	8	3
ROADMAP 93
-148	5	3	-1
-64	5	49	-1
-183	5	20	9
ROADMAP 94
-84	17	22	-1
-110	32	53	38
ROADMAP 95
-91	0	5	2
127	0	0	12
127	31	40	52
ROADMAP 96
-136	0	54	-1
-147	0	5	0
ROADMAP 97
-190	0	17	-1
153	0	0	24
-75	0	47	19
ROADMAP 98
102	0	0	13
10	0	0	29
154	0	0	28
ROADMAP 99
-74	0	20	-1
-129	0	25	24
-49	0	29	-1
146	0	0	18
ROADMAP 100
ROADMAP 101
-29	2	13	0
200	2	0	23
155	2	0	24
-29	2	0	-1
19	2	0	7
ROADMAP 102
199	0	25	35
156	0	0	1
10	13	0	29
154	13	0	17
ROADMAP 103
-1	0	45	-1
-181	0	25	1
ROADMAP 104
-3	0	4	-1
-73	0	49	-1
92	0	0	15
ROADMAP 105
4	0	8	17
138	0	0	9
-163	11	69	54
ROADMAP 106
-92	0	48	-1
73	0	0	21
ROADMAP 107
-92	0	48	36
ROADMAP 108
105	0	5	11
-163	0	69	28
ROADMAP 109
ROADMAP 110
-94	54	31	16
84	54	0	1
ROADMAP 111
203	10	61	70
30	47	0	14
ROADMAP 112
-155	0	4	-1
-200	0	22	-1
29	0	1	14
-101	0	1	-1
75	0	0	27
ROADMAP 113
-91	0	7	2
127	0	0	14
-91	0	2	-1
127	0	14	56
11	0	0	6
ROADMAP 114
56	0	25	35
-184	0	15	2
128	0	0	44
-184	0	2	-1
ROADMAP 115
91	0	30	44
-1	0	53	-1
-181	0	25	23
ROADMAP 116
-73	0	37	-1
92	0	0	32
ROADMAP 117
-127	0	23	13
91	0	0	3
-127	0	13	-1
91	0	3	44
-1	0	53	51
ROADMAP 118
ROADMAP 119
-83	0	8	-1
ROADMAP 120
28	7	0	63
ROADMAP 121
172	0	0	58
ROADMAP 122
-143	0	1	-1
50	0	0	1
157	0	0	1
ROADMAP 123
94	0	5	17
-84	0	22	-1
94	0	17	32
-110	0	53	33
ROADMAP 124
-148	0	6	3
93	0	0	5
-148	0	3	-1
-64	0	49	-1
-183	0	20	12
ROADMAP 125
-139	0	16	-1
110	0	0	53
ROADMAP 126
83	0	18	34
109	0	0	54
ROADMAP 127
-91	14	2	-1
11	56	0	11
ROADMAP 128
-184	44	2	-1
-136	44	69	46
ROADMAP 129
74	26	0	41
172	26	0	3
ROADMAP 130
165	0	3	14
-149	0	24	-1
163	0	0	34
ROADMAP 131
20	4	0	40
-100	4	25	-1
ROADMAP 132
155	0	22	24
-29	0	0	-1
19	0	0	33
-82	0	36	2
ROADMAP 133
-145	0	18	-1
199	0	24	35
156	0	0	1
102	0	0	13
10	0	0	26
ROADMAP 134
-190	0	0	-1
153	0	0	24
-75	0	47	2
ROADMAP 135
148	0	4	16
169	0	0	2
-213	0	19	-1
-140	0	22	-1
209	0	0	6
38	0	0	7
ROADMAP 136
ROADMAP 137
-92	9	52	-1
73	9	0	8
ROADMAP 138
172	0	26	70
4	0	0	17
ROADMAP 139
-110	0	22	-1
-5	23	30	6
ROADMAP 140
-38	0	40	-1
-209	0	5	-1
ROADMAP 141
-47	0	24	10
56	0	0	11
-47	0	10	-1
56	0	11	35
-184	0	15	5
ROADMAP 142
127	0	23	56
11	0	0	37
ROADMAP 143
-165	0	6	-1
-157	0	38	-1
-50	0	0	-1
173	6	26	27
-3	6	17	9
-73	6	59	51
ROADMAP 144
201	0	1	7
174	0	0	1
-175	0	20	6
46	0	0	2
-175	0	6	-1
-159	0	22	-1
-51	5	11	-1
ROADMAP 145
-199	35	23	-1
ROADMAP 146
-208	20	66	16
ROADMAP 147
136	6	0	64
ROADMAP 148
64	0	7	50
-93	4	4	-1
ROADMAP 149
-163	0	26	-1
-165	25	13	-1
-157	25	38	34
ROADMAP 150
-118	5	54	-1
137	8	0	7
ROADMAP 151
56	0	25	35
-184	0	15	2
128	0	0	44
-184	0	2	-1
ROADMAP 152
11	0	16	67
-182	0	39	20
ROADMAP 153
-190	0	23	-1
-75	24	47	25
